44941
45540
45542
45544
45590
46059
46064
46070
46073
46082
46146
46337
46559
46794
47126
47641
47981
48019
48029
48128
48300
48321
48392
48603
48662
48663
48667
48671
51726
51729
51731
51740
51779
51815
52107
53418
53431
53436
53438
54093
54095
54100
55579
55582
55583
55584
55585
55586
55587
55588
55589
55591
55593
55597
55602
55605
55617
55618
55619
55620
55622
55660
55661
55662
55667
55673
55675
56549
56551
56554
56788
56805
57302
57333
57346
57348
57349
57351
57362
57363
57364
57366
57368
57369
57371
57411
57469
57472
57512
57529
57814
57820
57828
58362
58363
58368
58371
60375
60601
61249
61662
62410
